>DOJHLOP01DWJWJ length=100 xy=1483_3377 region=1 run=R_2005_09_08_15_35_38_
32 31 29 26 30 27 32 32 31 30 28 26 26 28 27 19 26 31 24 32 31 30 25 25 29 24 31 28 28 31 31 27 29 26 22 14 32 31 25 29 31 31 29 32 28 31 31 29 23 24 22 19 19 18 16 10 3 31 28 32
29 32 31 28 23 30 28 31 31 26 24 31 31 28 30 24 27 24 17 29 28 23 31 20 11 16 31 28 31 21 12 30 29 31 26 31 29 24 31 17
>DOJHLOP02J52LD length=94 xy=4052_2575 region=2 run=R_2005_09_08_15_35_38_
29 24 29 31 27 32 29 29 29 27 32 32 31 26 31 30 25 21 30 31 28 26 21 29 32 30 31 29 28 18 31 32 32 30 28 31 31 30 32 27 30 25 31 31 26 32 31 27 30 25 32 31 30 25 31 27 22 26 28 29
24 32 29 23 32 24 32 27 29 30 25 29 21 12 32 30 27 26 22 29 24 25 23 22 3 20 10 21 26 25 9 31 29 23
>DOJHLOP02G37AB length=104 xy=2801_0593 region=2 run=R_2005_09_08_15_35_38_
32 32 31 31 28 25 31 32 31 31 26 25 22 11 32 31 31 29 28 32 30 31 27 29 28 17 31 27 32 31 26 31 26 26 30 30 30 31 27 26 26 31 31 32 30 27 29 23 30 31 26 26 19 31 32 31 32 27 32 30
27 32 30 27 30 26 31 28 29 28 25 31 30 23 22 2 29 27 26 18 29 27 32 20 27 32 26 19 25 23 24 31 23 22 3 25 32 17 20 19 19 16 10 2
>DOJHLOP02JDZJV length=63 xy=3732_2985 region=2 run=R_2005_09_08_15_35_38_
26 23 15 22 22 24 22 5 29 29 31 27 20 31 25 20 30 31 32 32 28 21 11 21 11 26 27 32 27 30 24 0 30 27 30 32 24 22 28 21 13 31 32 12 31 30 28 26 26 19 28 31 27 24 21 22 32 32 17 30
30 26 18
>DOJHLOP01EKI27 length=119 xy=1756_3857 region=1 run=R_2005_09_08_15_35_38_
31 30 30 31 28 30 32 31 31 26 31 26 32 32 31 30 28 23 31 26 31 31 26 26 31 27 30 31 28 22 22 22 20 16 8 32 23 22 4 29 23 26 31 26 29 23 29 32 24 24 19 3 31 32 32 29 29 29 28 29
24 30 25 32 9 9 9 9 8 7 5 3 1 31 30 31 28 26 20 29 28 17 29 31 26 20 24 31 31 31 30 28 22 30 27 28 23 29 31 32 28 31 31 28 22 16 32 28 27 19 31 29 27 27 19 19 28 28 19